{"model":{"version":3,"nodes":[{"name":"RootNode","position":[0,0,0],"rotation":[0,0,0],"scale":[0.01,0.01,0.01],"scaleCompensation":false},{"name":"Female2_Pigtail","position":[0,0,0],"rotation":[0,0,0],"scale":[1,1,1],"scaleCompensation":false},{"name":"Root_M","position":[0,38.5103,0],"rotation":[90,-0,90],"scale":[1,1,1],"scaleCompensation":false},{"name":"BackA_M","position":[8.0235,-1.72793e-16,1.53853e-15],"rotation":[0,0,0],"scale":[1,1,1],"scaleCompensation":true},{"name":"BackB_M","position":[7.6103,1.87242e-15,-3.71959e-15],"rotation":[0,-0.701081,0],"scale":[1,1,1],"scaleCompensation":true},{"name":"Chest_M","position":[6.89669,-1.63425e-15,-2.55351e-15],"rotation":[0,0,0],"scale":[1,1,1],"scaleCompensation":true},{"name":"Scapula_R","position":[4.55485,-7.53669e-16,-2.7541],"rotation":[-2.19423e-14,81.6656,-90],"scale":[1,1,1],"scaleCompensation":true},{"name":"Shoulder_R","position":[6.91477,1.31676e-08,-4.44089e-15],"rotation":[15.559,13.1945,-49.3312],"scale":[1,1,1],"scaleCompensation":true},{"name":"Elbow_R","position":[13.5415,2.13163e-14,3.55271e-15],"rotation":[0,2.30512e-05,0],"scale":[1,1,1],"scaleCompensation":true},{"name":"Wrist_R","position":[13.0674,-1.42109e-14,-3.55271e-15],"rotation":[-18.2347,-0.431774,-1.13116],"scale":[1,1,1],"scaleCompensation":true},{"name":"ThumbFinger1_R","position":[1.02689,-0.646087,-1.00354],"rotation":[-97.336,44.1784,-14.561],"scale":[1,1,1],"scaleCompensation":false},{"name":"ThumbFinger2_R","position":[3.10071,3.12805e-09,2.13163e-14],"rotation":[34.6158,17.817,-19.6527],"scale":[1,1,1],"scaleCompensation":true},{"name":"ThumbFinger3_R","position":[2.36294,1.55311e-08,4.14469e-08],"rotation":[0,-0,-5.5882],"scale":[1,1,1],"scaleCompensation":false},{"name":"IndexFinger1_R","position":[6.41478,0.474735,-2.56681],"rotation":[1.56846,-6.07478,-14.5973],"scale":[1,1,1],"scaleCompensation":false},{"name":"IndexFinger2_R","position":[2.78314,-7.21514e-10,-9.50699e-10],"rotation":[0,-0,0],"scale":[1,1,1],"scaleCompensation":false},{"name":"IndexFinger3_R","position":[1.55321,0.0788777,-5.4e-10],"rotation":[0,-0,5.76],"scale":[1,1,1],"scaleCompensation":false},{"name":"Cup_R","position":[0.614955,-0.00729752,0.358153],"rotation":[-0.00106406,-4.64051,-0.680415],"scale":[1,1,1],"scaleCompensation":false},{"name":"RingFinger1_R","position":[5.09913,0.709624,0.0523369],"rotation":[-1.36022,6.98169,-10.4816],"scale":[1,1,1],"scaleCompensation":false},{"name":"RingFinger2_R","position":[3.1309,-0.061471,-1.10643e-09],"rotation":[0,-0,-16.0861],"scale":[1,1,1],"scaleCompensation":false},{"name":"RingFinger3_R","position":[1.32602,0.0421311,-4.34289e-10],"rotation":[0,-0,4.32],"scale":[1,1,1],"scaleCompensation":false},{"name":"Neck_M","position":[7.94915,-5.90516e-15,3.27516e-14],"rotation":[0,-0,0],"scale":[1,1,1],"scaleCompensation":true},{"name":"Head_M","position":[3.05491,-1.11981e-14,2.88658e-15],"rotation":[0,-0,0],"scale":[1,1,1],"scaleCompensation":true},{"name":"Scapula_L","position":[4.55485,-4.70461e-15,2.7541],"rotation":[2.19423e-14,81.6656,90],"scale":[1,1,1],"scaleCompensation":true},{"name":"Shoulder_L","position":[-6.91477,-1.31676e-08,-2.77556e-15],"rotation":[15.3871,6.2097,-50.0721],"scale":[1,1,1],"scaleCompensation":true},{"name":"Elbow_L","position":[-13.5415,-7.10543e-15,0],"rotation":[0,15.2842,0],"scale":[1,1,1],"scaleCompensation":true},{"name":"Wrist_L","position":[-13.0674,0,-3.55271e-15],"rotation":[-18.1642,-8.26982,-1.00532],"scale":[1,1,1],"scaleCompensation":true},{"name":"ThumbFinger1_L","position":[-1.02689,0.646087,1.00354],"rotation":[-97.336,44.1784,-14.561],"scale":[1,1,1],"scaleCompensation":false},{"name":"ThumbFinger2_L","position":[-3.10071,-3.12805e-09,0],"rotation":[34.6158,17.817,-19.6527],"scale":[1,1,1],"scaleCompensation":true},{"name":"ThumbFinger3_L","position":[-2.36294,-1.55311e-08,-4.14469e-08],"rotation":[0,-0,-5.5882],"scale":[1,1,1],"scaleCompensation":false},{"name":"IndexFinger1_L","position":[-6.41478,-0.474735,2.56681],"rotation":[1.56846,-6.07478,-14.5973],"scale":[1,1,1],"scaleCompensation":false},{"name":"IndexFinger2_L","position":[-2.78314,7.21499e-10,9.50701e-10],"rotation":[0,-0,0],"scale":[1,1,1],"scaleCompensation":false},{"name":"IndexFinger3_L","position":[-1.55321,-0.0788777,5.39989e-10],"rotation":[0,-0,5.76],"scale":[1,1,1],"scaleCompensation":false},{"name":"Cup_L","position":[-0.614955,0.00729752,-0.358153],"rotation":[-0.00106406,-4.64051,-0.680415],"scale":[1,1,1],"scaleCompensation":false},{"name":"RingFinger1_L","position":[-5.09913,-0.709624,-0.0523369],"rotation":[-1.36022,6.98169,-10.4816],"scale":[1,1,1],"scaleCompensation":false},{"name":"RingFinger2_L","position":[-3.1309,0.061471,1.10643e-09],"rotation":[0,-0,-16.0861],"scale":[1,1,1],"scaleCompensation":false},{"name":"RingFinger3_L","position":[-1.32602,-0.0421311,4.34285e-10],"rotation":[0,-0,4.32],"scale":[1,1,1],"scaleCompensation":false},{"name":"Hip_R","position":[-2.25704,0.65853,-5.8017],"rotation":[-1.88966e-06,1.07445e-12,179.493],"scale":[1,1,1],"scaleCompensation":true},{"name":"Knee_R","position":[16.9679,1.07137e-13,-1.77636e-14],"rotation":[0,-0,2.70663],"scale":[1,1,1],"scaleCompensation":true},{"name":"Ankle_R","position":[15.4388,1.05749e-14,1.49658e-12],"rotation":[-0.0191166,1.11682e-08,-2.19928],"scale":[1,1,1],"scaleCompensation":true},{"name":"MiddleToe1_R","position":[2.57571,-3.47555,-0.0508767],"rotation":[0.00744142,0.0176463,-66.9125],"scale":[1,1,1],"scaleCompensation":true},{"name":"Hip_L","position":[-2.25704,0.65853,5.8017],"rotation":[0,-0,-0.507347],"scale":[1,1,1],"scaleCompensation":true},{"name":"Knee_L","position":[-16.9679,-1.01696e-13,3.10862e-14],"rotation":[0,-0,2.70663],"scale":[1,1,1],"scaleCompensation":true},{"name":"Ankle_L","position":[-15.4388,-1.31978e-14,-1.49658e-12],"rotation":[-0.019123,1.11265e-08,-2.19928],"scale":[1,1,1],"scaleCompensation":true},{"name":"MiddleToe1_L","position":[-2.57571,3.47555,0.0508767],"rotation":[0.00744142,0.0176463,-66.9125],"scale":[1,1,1],"scaleCompensation":true}],"parents":[-1,0,0,2,3,4,5,6,7,8,9,10,11,9,13,14,9,16,17,18,5,20,5,22,23,24,25,26,27,25,29,30,25,32,33,34,2,36,37,38,2,40,41,42],"skins":[{"inverseBindMatrices":[[-1.94193e-10,-0.000333759,1,0,1,4.55683e-08,2.09402e-10,0,-4.55684e-08,1,0.000333759,0,-3.85855,-0.21437,-5.80178,1],[-4.86977e-10,-0.000333681,1,0,-1,-4.37774e-08,-5.01585e-10,0,4.37776e-08,-1,-0.000333681,0,3.85855,0.214371,5.80178,1],[6.12323e-17,-6.12323e-17,1,0,1,3.7494e-33,-6.12323e-17,0,0,1,6.12323e-17,0,-46.5338,-1.74474e-31,2.84937e-15,1],[6.12323e-17,-6.12323e-17,1,0,1,3.7494e-33,-6.12323e-17,0,0,1,6.12323e-17,0,-54.1441,-2.03008e-31,3.31537e-15,1],[6.12323e-17,-6.12323e-17,1,0,1,3.7494e-33,-6.12323e-17,0,0,1,6.12323e-17,0,-61.0408,-2.28866e-31,3.73767e-15,1],[-0.680299,-0.718133,0.146558,0,0.706393,-0.589096,0.392396,0,-0.195456,0.370474,0.908045,0,-26.5777,45.9045,-24.4741,1],[-0.680299,-0.718133,0.146558,0,-0.706393,0.589096,-0.392396,0,0.195456,-0.370474,-0.908045,0,26.5777,-45.9045,24.4741,1],[6.12323e-17,-6.12323e-17,1,0,1,3.7494e-33,-6.12323e-17,0,0,1,6.12323e-17,0,-72.0448,-2.70125e-31,4.41147e-15,1],[6.123e-17,-6.06902e-17,1,0,0.999961,0.00885477,-6.06901e-17,0,-0.00885477,0.999961,6.12299e-17,0,-36.246,-0.979518,-5.8017,1],[-2.0144e-14,-3.29808e-08,1,0,-0.999961,-0.00885477,-2.92057e-10,0,0.00885477,-0.999961,-3.29795e-08,0,36.246,0.979518,5.8017,1],[-0.444635,-0.895231,0.0293632,0,0.894829,-0.442502,0.0589344,0,-0.0397666,0.0524793,0.99783,0,-23.281,46.7862,-9.34875,1],[-0.444635,-0.895231,0.0293632,0,-0.894829,0.442502,-0.0589344,0,0.0397666,-0.0524793,-0.99783,0,23.281,-46.7862,9.34875,1],[-0.444635,-0.895231,0.0293632,0,0.894829,-0.442502,0.0589344,0,-0.0397666,0.0524793,0.99783,0,-20.4979,46.7862,-9.34875,1],[-0.444635,-0.895231,0.0293632,0,-0.894829,0.442502,-0.0589344,0,0.0397666,-0.0524793,-0.99783,0,20.4979,-46.7862,9.34875,1],[-0.532237,-0.846086,0.0293632,0,0.845901,-0.530075,0.0589344,0,-0.0342989,0.0562054,0.99783,0,-14.1455,48.5298,-9.34875,1],[-0.532237,-0.846086,0.0293632,0,-0.845901,0.530075,-0.0589344,0,0.0342989,-0.0562054,-0.99783,0,14.1455,-48.5298,9.34875,1],[6.11872e-17,-6.35821e-17,1,0,0.999263,-0.0383753,-6.35822e-17,0,0.0383753,0.999263,6.11872e-17,0,-19.3029,-0.0680742,-5.8017,1],[-1.55744e-09,-3.2944e-08,1,0,-0.999263,0.0383753,-2.92055e-10,0,-0.0383753,-0.999263,-3.29795e-08,0,19.3029,0.068074,5.8017,1],[-9.58698e-07,-1.00195e-06,1,0,0.392136,0.919907,1.29764e-06,0,-0.919907,0.392136,-4.89013e-07,0,2.89314,-2.62781,-5.85142,1],[-1.03088e-06,-9.71499e-07,1,0,-0.392136,-0.919907,-1.29793e-06,0,0.919907,-0.392136,5.67354e-07,0,-2.89314,2.62781,5.85142,1],[6.12323e-17,-6.12323e-17,1,0,1,3.7494e-33,-6.12323e-17,0,0,1,6.12323e-17,0,-68.9899,-2.58671e-31,4.22441e-15,1],[-0.494348,-0.866363,-0.070967,0,0.849341,-0.498784,0.172727,0,-0.185041,0.025112,0.98241,0,-19.7961,48.396,-7.4991,1],[-0.646387,-0.762943,0.0100812,0,0.761062,-0.643738,0.0799115,0,-0.0544782,0.0593262,0.996751,0,-16.6846,50.4561,-6.22778,1],[-0.494348,-0.866363,-0.070967,0,-0.849341,0.498784,-0.172727,0,0.185041,-0.025112,-0.98241,0,19.7961,-48.396,7.4991,1],[-0.646387,-0.762943,0.0100812,0,-0.761062,0.643738,-0.0799115,0,0.0544782,-0.0593262,-0.996751,0,16.6846,-50.4561,6.22778,1],[-0.23494,-0.969416,-0.0709671,0,0.95429,-0.243919,0.172727,0,-0.184755,-0.0271427,0.98241,0,-29.4053,41.8244,-7.4991,1],[-0.23494,-0.969416,-0.0709671,0,-0.95429,0.243919,-0.172727,0,0.184755,0.0271427,-0.98241,0,29.4053,-41.8244,7.4991,1],[-0.307295,-0.948964,-0.070967,0,0.933205,-0.315109,0.172727,0,-0.186274,-0.0131485,0.98241,0,-24.8458,43.8627,-7.4991,1],[-0.307295,-0.948964,-0.070967,0,-0.933205,0.315109,-0.172727,0,0.186274,0.0131485,-0.98241,0,24.8458,-43.8627,7.4991,1],[6.12323e-17,-6.12323e-17,1,0,1,3.7494e-33,-6.12323e-17,0,0,1,6.12323e-17,0,-38.5103,-1.4439e-31,2.35808e-15,1],[-0.655452,-0.718133,0.233811,0,0.751437,-0.589096,0.297169,0,-0.0756698,0.370474,0.925755,0,-43.0772,45.9045,-20.8087,1],[-0.989439,1.22465e-16,0.144951,0,-1.21171e-16,-1,1.77514e-17,0,0.144951,3.08149e-33,0.989439,0,2.72502,65.5956,-0.39921,1],[-0.655452,-0.718133,0.233811,0,-0.751437,0.589096,-0.297169,0,0.0756698,-0.370474,-0.925755,0,43.0772,-45.9045,20.8087,1],[-0.989439,1.40216e-16,0.144951,0,1.21171e-16,1,-1.40216e-16,0,-0.144951,-1.21171e-16,-0.989439,0,-2.72502,-65.5956,0.39921,1],[-0.144433,-0.260947,-0.954487,0,0.853231,-0.52136,0.0134233,0,-0.501134,-0.81246,0.29795,0,-29.8894,35.123,24.6717,1],[-0.288432,0.450722,-0.844782,0,0.535964,-0.655109,-0.532518,0,-0.793441,-0.606368,-0.0526164,0,-13.2909,19.4504,47.4714,1],[-0.144433,-0.260947,-0.954487,0,-0.853231,0.52136,-0.0134233,0,0.501134,0.81246,-0.29795,0,29.8894,-35.123,-24.6717,1],[-0.288432,0.450722,-0.844782,0,-0.535964,0.655109,0.532518,0,0.793441,0.606368,0.0526164,0,13.2909,-19.4504,-47.4714,1],[-0.118336,-0.273772,-0.954487,0,0.899945,-0.435796,0.0134236,0,-0.419636,-0.857398,0.29795,0,-30.8158,32.2756,24.6717,1],[-0.118336,-0.273772,-0.954487,0,-0.899945,0.435796,-0.0134236,0,0.419636,0.857398,-0.29795,0,30.8158,-32.2756,-24.6717,1],[-0.654099,-0.755229,-0.0422327,0,0.744404,-0.652622,0.141234,0,-0.134226,0.0609429,0.989075,0,-16.1406,50.6512,-7.9163,1],[-0.654099,-0.755229,-0.0422327,0,-0.744404,0.652622,-0.141234,0,0.134226,-0.0609429,-0.989075,0,16.1406,-50.6512,7.9163,1]],"boneNames":["Ankle_L","Ankle_R","BackA_M","BackB_M","Chest_M","Elbow_L","Elbow_R","Head_M","Hip_L","Hip_R","IndexFinger1_L","IndexFinger1_R","IndexFinger2_L","IndexFinger2_R","IndexFinger3_L","IndexFinger3_R","Knee_L","Knee_R","MiddleToe1_L","MiddleToe1_R","Neck_M","RingFinger1_L","Cup_L","RingFinger1_R","Cup_R","RingFinger2_L","RingFinger2_R","RingFinger3_L","RingFinger3_R","Root_M","Shoulder_L","Scapula_L","Shoulder_R","Scapula_R","ThumbFinger2_L","ThumbFinger1_L","ThumbFinger2_R","ThumbFinger1_R","ThumbFinger3_L","ThumbFinger3_R","Wrist_L","Wrist_R"]}],"morphs":[],"vertices":[{"position":{"type":"float32","components":3,"data":[13.7023,75.2576,7.89658,8.67193,72.0058,9.78915,12.1623,73.5148,6.64893,3.40107,82.4787,16.0424,8.88178e-16,82.3909,16.6243,8.88178e-16,80.5232,16.2254,3.91811,78.868,15.5406,3.23782,78.5219,16.462,8.88178e-16,79.2675,16.6296,4.37131,71.9448,13.2488,10.6778,74.7867,12.0362,5.16987,75.0241,15.0101,9.66396,79.6152,12.5778,9.33012,83.3961,13.0766,10.0813,78.9517,12.9375,10.6266,77.5456,13.1586,5.04079,77.4012,15.9189,13.9412,81.2999,8.53128,14.2402,80.0174,8.97586,3.24164,89.3316,17.1399,-0.00470524,99.0777,17.594,8.88178e-16,89.0387,17.589,16.5229,86.268,3.03465,15.9318,81.7809,2.42196,2.49495,70.7056,0.985545,6.98001,71.2123,7.35306,8.88178e-16,69.8344,2.71456,8.87963,72.013,4.2325,14.2873,77.5264,1.56978,3.13447,77.2323,16.6412,2.39043,76.3434,16.5274,9.54813,89.928,13.7615,3.19418,70.0294,10.6736,8.88178e-16,69.4199,12.0993,9.13814,98.5725,15.2284,13.9134,98.0942,10.8825,14.5101,90.7328,9.24591,14.4772,84.8386,8.06064,17.936,91.8068,2.95043,17.3691,86.8546,-1.69689,3.53757,71.5183,-1.11534,9.97858,74.3007,-0.352488,18.1929,85.4879,-11.5463,18.8101,88.698,-9.28325,19.7397,85.1132,-11.0156,17.2607,88.8808,-9.51421,13.892,80.2415,-10.0557,14.4447,79.3708,-5.36614,10.9111,76.6106,-6.11822,14.5009,78.1066,8.67329,3.77667,72.2765,-2.97074,8.88178e-16,74.5498,16.3729,8.88178e-16,71.3943,14.0772,16.9585,83.3628,-3.81851,16.9421,87.1829,-4.84583,17.1624,88.7059,-8.59648,16.6272,80.1962,-9.98823,13.892,80.2415,-10.0557,15.7183,80.6923,-10.8822,14.4447,79.3708,-5.36614,17.2607,88.8808,-9.51421,18.1929,85.4879,-11.5463,15.6829,85.109,-10.0895,17.1624,88.7059,-8.59648,16.6272,80.1962,-9.98823,15.7183,80.6923,-10.8822,8.88178e-16,77.7842,17.7019,8.88178e-16,76.8592,17.8,8.88178e-16,75.7374,17.108,-13.7023,75.2576,7.89658,-12.1623,73.5148,6.64893,-8.67193,72.0058,9.78915,-3.91811,78.868,15.5406,-3.40107,82.4787,16.0424,-3.23782,78.5219,16.462,-4.37131,71.9448,13.2488,-5.16987,75.0241,15.0101,-10.6778,74.7867,12.0362,-9.66396,79.6152,12.5778,-9.33012,83.3961,13.0766,-10.0813,78.9517,12.9375,-10.6266,77.5456,13.1586,-5.04079,77.4012,15.9189,-13.9412,81.2999,8.53128,-14.2402,80.0174,8.97586,-3.24164,89.3316,17.1399,-15.9318,81.7809,2.42196,-16.5229,86.268,3.03465,-2.49495,70.7056,0.985545,-6.98001,71.2123,7.35306,-8.87963,72.013,4.2325,8.88178e-16,69.8344,2.71456,-14.2873,77.5264,1.56978,-3.13447,77.2323,16.6412,-2.39043,76.3434,16.5274,-9.54813,89.928,13.7615,-3.19418,70.0294,10.6736,-9.13814,98.5725,15.2284,-13.9228,98.0942,10.8825,-14.5101,90.7328,9.24591,-14.4772,84.8386,8.06064,-3.53757,71.5183,-1.11534,-9.97858,74.3007,-0.352488,-18.8101,88.698,-9.28325,-18.1929,85.4864,-11.5463,-19.7397,85.1117,-11.0156,-17.2607,88.8794,-9.51421,-13.9014,80.2408,-10.0557,-10.9205,76.6106,-6.11822,-14.4447,79.3708,-5.36614,-14.5009,78.1066,8.67329,-3.78608,72.2765,-2.97074,-17.4796,86.8944,-1.71887,-16.9585,83.3628,-3.81851,-16.9515,87.1829,-4.84583,-17.1718,88.7059,-8.59648,-13.9014,80.2408,-10.0557,-16.6272,80.1947,-9.98823,-15.7183,80.6908,-10.8822,-14.4447,79.3708,-5.36614,-18.1929,85.4864,-11.5463,-17.2607,88.8794,-9.51421,-15.6923,85.109,-10.0895,-17.1718,88.7059,-8.59648,-16.6272,80.1947,-9.98823,-15.7183,80.6908,-10.8822,-18.0711,91.8068,2.95043,20.0856,94.585,0.29274,17.3691,86.8546,-1.69689,16.9421,87.1829,-4.84583,17.936,91.8068,2.95043,13.9134,98.0942,10.8825,2.65259,111.133,8.22625,11.2494,110.319,5.69516,4.16634,113.225,-4.42088,12.5391,112.23,-4.99868,21.4916,95.8261,-4.02502,17.1624,88.7059,-8.59648,20.9433,97.7753,-8.70053,19.8826,105.848,-5.82194,18.9619,104.518,0.95818,31.0816,112.066,-17.9795,24.1893,118.218,-4.20031,32.7769,108.97,-5.91118,22.8765,117.567,-21.323,10.6782,92.6549,-24.0575,-0.00941047,93.6251,-25.0993,-0.00941047,103.865,-22.9627,13.2088,103.194,-21.2147,19.2765,99.5002,-15.3018,17.5265,90.7111,-16.4236,28.4936,101.107,-20.3197,32.7769,108.97,-5.91118,30.031,97.771,-8.72455,15.6829,85.109,-10.0895,13.892,80.2415,-10.0557,9.0344,77.3617,-9.23952,12.7921,81.9073,-13.6448,10.9111,76.6106,-6.11822,3.4356,72.7753,-4.22096,3.77667,72.2765,-2.97074,8.22678,83.1309,-20.4214,-0.00941047,83.3222,-21.4307,5.49079,77.5189,-13.3026,-0.00941047,77.3993,-13.4331,-0.00941047,73.1248,-4.77155,1.97553,72.9559,-4.77347,8.63474,109.613,-15.8032,3.73042,111.018,-15.2808,2.02286,105.06,15.1146,9.11932,98.5725,15.2284,10.641,104.046,13.3396,-0.00470524,99.0777,17.594,17.1587,101.768,5.61235,-0.00941047,104.916,14.9473,-0.00941047,112.169,-4.38462,-0.00941047,109.775,8.18954,-0.00941047,110.067,-14.6212,19.1819,105.515,-28.1433,11.4199,116.697,-3.8294,6.82117,114.5,-16.9257,12.5391,112.23,-4.99868,8.63474,109.613,-15.8032,19.8826,105.848,-5.82194,23.9643,105.431,-1.36347,19.3646,110.41,0.213999,20.9433,97.7753,-8.70053,23.4106,97.2434,-16.4572,25.0749,95.9089,-7.757,19.2765,99.5002,-15.3018,9.51536,106.177,-25.6371,8.63474,109.613,-15.8032,6.82117,114.5,-16.9257,13.2088,103.194,-21.2147,16.4788,100.267,-24.9001,11.2279,111.079,-26.5851,12.5294,119.647,-19.0329,16.3901,120.195,-5.25771,12.5294,119.647,-19.0329,24.1893,118.218,-4.20031,16.3901,120.195,-5.25771,12.5294,119.647,-19.0329,-17.4796,86.8944,-1.71887,-20.1044,94.585,0.29274,-16.9515,87.1829,-4.84583,-18.0711,91.8068,2.95043,-13.9228,98.0942,10.8825,-2.67141,111.133,8.22625,-4.18516,113.225,-4.42088,-11.2682,110.319,5.69516,-12.5579,112.23,-4.99868,-21.5104,95.8261,-4.02502,-17.1718,88.7059,-8.59648,-20.9621,97.7753,-8.70053,-19.9014,105.848,-5.82194,-18.9807,104.518,0.95818,-31.1004,112.066,-17.9795,-32.7958,108.97,-5.91118,-24.2081,118.218,-4.20031,-22.8953,117.567,-21.323,-10.697,92.6549,-24.0575,-13.2276,103.194,-21.2147,-19.2953,99.5002,-15.3018,-17.5453,90.7111,-16.4236,-28.5124,101.107,-20.3197,-30.0498,97.771,-8.72455,-32.7958,108.97,-5.91118,-15.6923,85.109,-10.0895,-9.05322,77.3617,-9.23952,-13.9014,80.2408,-10.0557,-12.8109,81.9073,-13.6448,-10.9205,76.6106,-6.11822,-3.44501,72.7753,-4.22096,-3.78608,72.2765,-2.97074,-8.2456,83.1309,-20.4214,-5.50961,77.5189,-13.3026,-1.99435,72.9559,-4.77347,-8.65356,109.613,-15.8032,-3.74924,111.018,-15.2808,-2.04168,105.06,15.1146,-10.6598,104.046,13.3396,-9.13814,98.5725,15.2284,-17.1775,101.768,5.61235,-19.2007,105.515,-28.1433,-6.83999,114.5,-16.9257,-11.4388,116.697,-3.8294,-12.5579,112.23,-4.99868,-8.65356,109.613,-15.8032,-19.9014,105.848,-5.82194,-19.3834,110.41,0.213999,-23.9831,105.431,-1.36347,-23.4294,97.2434,-16.4572,-20.9621,97.7753,-8.70053,-25.0937,95.9089,-7.757,-19.2953,99.5002,-15.3018,-9.53419,106.177,-25.6371,-6.83999,114.5,-16.9257,-8.65356,109.613,-15.8032,-13.2276,103.194,-21.2147,-16.4976,100.267,-24.9001,-11.2467,111.079,-26.5851,-12.5482,119.647,-19.0329,-16.4089,120.195,-5.25771,-12.5482,119.647,-19.0329,-24.2081,118.218,-4.20031,-16.4089,120.195,-5.25771,-12.5482,119.647,-19.0329,8.88178e-16,67.7542,2.20274,2.48037,68.8156,0.484173,8.88178e-16,69.8344,2.71456,2.49495,70.7056,0.985545,3.72098,70.326,-3.00589,3.53757,71.5183,-1.11534,3.87429,69.7078,-1.63343,3.77667,72.2765,-2.97074,3.4356,72.7753,-4.22096,1.99435,72.9559,-4.77347,8.88178e-16,70.4154,-4.2469,8.88178e-16,73.1248,-4.77155,3.87429,69.7078,-1.63343,3.53757,71.5183,-1.11534,3.72248,59.9925,6.86652,8.88178e-16,60.016,7.11448,8.88178e-16,55.6071,7.58746,3.89386,55.5198,7.13139,8.40616,59.6579,3.76573,8.76156,55.3996,3.74936,9.46191,58.6409,0.215662,9.4615,55.2555,0.691863,9.7672,64.1251,2.42478,8.65653,65.2022,2.78194,9.58444,60.4023,-0.225213,8.49706,68.0831,1.30874,10.5391,67.1041,1.66852,8.77655,68.6262,-1.23007,11.3403,67.8068,-0.981748,6.56112,68.5444,1.0671,8.49706,68.0831,1.30874,8.77655,68.6262,-1.23007,6.42862,69.2295,-1.40967,3.56188,63.8631,5.65525,8.88178e-16,65.6846,3.93179,8.88178e-16,62.5022,6.23163,3.13088,65.873,3.67357,6.67439,65.8417,3.08115,8.65653,65.2022,2.78194,4.11983,51.681,7.51835,8.87039,51.6976,3.94415,9.79098,51.614,1.54561,8.88178e-16,51.6797,7.97775,6.91878,63.8259,4.4656,9.46191,58.6409,0.215662,7.64678,54.6213,-3.24412,7.74904,58.4071,-4.89947,9.4615,55.2555,0.691863,8.88178e-16,53.9233,-6.15988,8.88178e-16,57.9739,-6.91517,4.74736,54.3563,-5.02447,4.83153,58.2782,-6.15959,10.6212,66.9912,-3.85104,8.27546,68.0204,-3.66625,8.77655,68.6262,-1.23007,8.27546,68.0204,-3.66625,6.42862,69.2295,-1.40967,4.38785,69.1619,-3.67433,8.88178e-16,61.7039,-7.61022,5.20325,61.6184,-6.86829,8.88178e-16,65.583,-7.02239,5.0988,65.1603,-6.28366,8.88178e-16,69.3142,-4.67605,8.28065,64.1985,-5.6216,8.13684,61.457,-5.80408,12.248,39.4257,0.963076,10.3869,39.9722,-3.72516,11.5934,41.7343,0.908459,10.4759,36.6708,-4.43409,7.44063,41.251,-6.59402,9.84054,42.8359,-2.42181,7.42,37.0785,-6.86191,6.65225,43.0336,-5.9011,8.88178e-16,39.6674,-8.32559,8.88178e-16,42.4433,-7.37135,8.88178e-16,39.6593,7.63406,4.11941,40.5757,7.08953,8.88178e-16,41.3776,7.47401,4.34269,41.8144,7.05443,5.41994,47.9378,-5.65242,8.88178e-16,50.7642,-6.26196,4.95326,51.1627,-4.97098,8.88178e-16,47.592,-7.07346,10.5423,47.7943,2.08096,9.6086,47.7899,-1.73997,9.79098,51.614,1.54561,8.55653,51.1782,-1.96729,3.73871,35.9181,7.18459,9.02836,39.4132,5.29928,8.96663,41.7232,4.57356,12.248,39.4257,0.963076,11.5934,41.7343,0.908459,10.5423,47.7943,2.08096,9.33122,47.9152,4.33167,5.91022,34.0685,-6.13385,8.88178e-16,34.7536,-7.02572,11.1814,42.6641,1.07265,9.22166,42.3974,4.14652,11.1814,42.6641,1.07265,8.88178e-16,32.6198,0.16567,0.351604,32.5779,0.680307,8.88178e-16,34.5699,7.11929,8.88178e-16,33.503,4.68342,1.07985,18.6008,-0.90222,3.68018,21.9514,4.93528,0.972558,20.8983,-0.578581,3.705,23.6915,5.25842,12.133,21.0879,-0.086864,8.95505,19.0534,-3.95451,9.25158,21.3121,-4.01836,11.9125,18.6372,-0.381566,8.6869,23.3781,4.82613,8.48518,21.62,4.59673,12.133,21.0879,-0.086864,11.9125,18.6372,-0.381566,8.88178e-16,42.7928,-8.62834,6.0094,43.2812,-6.46421,8.88178e-16,42.4433,-7.37135,6.65225,43.0336,-5.9011,11.1814,42.6641,1.07265,11.5219,43.2445,-2.24939,12.228,42.9665,1.31971,9.84054,42.8359,-2.42181,11.1814,42.6641,1.07265,10.0822,42.6284,4.58004,9.22166,42.3974,4.14652,12.228,42.9665,1.31971,8.88178e-16,41.1786,8.94779,4.34269,41.8144,7.05443,5.36725,41.7652,8.12336,8.88178e-16,41.3776,7.47401,0.972558,20.8983,-0.578581,4.93584,19.0229,-4.76159,1.07985,18.6008,-0.90222,5.03186,21.1444,-4.96125,4.72138,47.47,7.92594,3.73442,19.2236,4.09035,8.30888,18.9479,3.92045,9.58444,60.4023,-0.225213,8.43897,62.8155,3.07019,12.8293,60.3173,2.48081,11.5229,58.5619,0.269759,10.7985,62.8002,2.30274,14.4376,62.5236,2.34089,11.9789,65.3868,1.94118,14.8421,63.5249,-0.383719,12.6469,66.1866,-0.826133,19.5759,56.266,-2.40705,16.4935,55.5595,-2.76321,18.3578,57.6561,-2.57105,17.5843,54.362,-2.54308,20.2703,56.8861,0.619564,16.6092,53.7197,1.02648,32.8973,42.5015,4.97451,33.1901,41.6895,2.49618,32.9384,42.4919,2.29306,33.272,41.7621,4.93357,31.3669,41.0083,5.02471,32.3,39.3056,2.90124,32.466,39.3067,5.1296,31.3938,41.0249,2.65258,33.2411,37.6296,3.21931,33.4261,37.759,5.15815,34.1628,39.6306,5.09094,34.4441,38.1089,3.01048,33.9911,39.5529,2.7694,34.5844,38.1908,5.25923,33.6263,36.8088,3.31933,33.9123,36.699,5.19742,34.5175,37.6692,3.06563,34.7163,37.8042,5.27329,31.7988,41.8076,-0.059174,31.2129,42.6394,-0.23761,31.6874,39.473,0.820357,30.5728,41.0848,0.138446,32.4383,38.3116,1.40378,33.4549,38.6715,1.08948,32.9944,39.6801,0.63729,33.0954,37.4074,2.0194,33.6443,38.2389,1.41707,30.5728,41.0848,0.138446,29.564,41.9513,-0.403779,32.4383,38.3116,1.40378,31.6874,39.473,0.820357,32.3638,42.6507,6.93386,33.1806,41.7306,5.21197,32.8055,41.8251,6.93318,32.5548,39.272,6.80759,31.1372,40.9831,6.91641,32.5632,39.2831,5.22812,31.3619,40.973,5.09196,31.1372,40.9831,6.91641,30.4213,41.6084,6.9547,33.2828,37.9209,6.71328,34.2018,38.6295,6.84104,32.5548,39.272,6.80759,33.7591,39.8402,6.9327,33.2828,37.9209,6.71328,33.4354,37.8006,5.31173,34.0448,39.6586,5.30641,34.563,38.2454,5.40496,33.6301,37.0041,6.52871,33.7554,36.8999,5.36387,34.3837,38.0951,6.76588,34.6817,37.7701,5.451,30.5649,41.6355,2.6199,29.564,41.9513,-0.403779,31.1498,44.7597,2.44614,31.0262,44.7224,5.43674,29.2644,46.1586,2.51103,30.2101,43.92,-0.479931,28.9106,45.1345,-0.521815,28.8452,42.5042,-0.690705,29.2368,42.8273,7.81769,29.3858,41.625,6.4535,30.4213,41.6084,6.9547,30.5512,44.0692,7.13899,29.372,45.0163,7.42566,29.2368,42.8273,7.81769,28.5585,40.4317,8.77888,29.0531,39.1939,9.247,29.6045,40.7456,8.45903,30.0012,39.3975,8.74615,28.9948,39.0898,7.77218,29.5689,40.5653,7.1293,29.5865,39.2268,7.53266,28.2774,40.2811,7.03752,29.0531,39.1939,9.247,28.5585,40.4317,8.77888,30.0012,39.3975,8.74615,28.2564,41.1398,8.53572,27.7155,42.4076,8.10037,29.4882,41.4038,8.25623,27.5881,41.8983,6.49926,28.2564,41.1398,8.53572,27.7155,42.4076,8.10037,26.9301,44.1192,7.1748,26.9301,44.1192,7.1748,26.6327,43.061,5.53984,29.0968,41.6595,4.67547,29.6124,41.9195,4.90225,30.7225,41.4865,4.94975,28.9042,42.098,2.82562,28.8452,42.5042,-0.690705,32.6298,40.2772,0.427801,33.474,40.4174,6.92671,33.9428,40.2078,5.03941,33.7591,40.211,2.65427,33.8331,40.225,5.32663,29.6045,40.7456,8.45903,32.127,41.2081,0.164937,33.3718,41.2164,2.54907,33.4881,41.2613,4.96767,33.0255,41.3618,6.93105,33.3594,41.3182,5.24337,27.0303,46.5411,0.716906,26.4111,44.7389,0.449997,25.7373,45.3907,0.625783,27.9854,45.9029,0.424227,28.4296,46.6314,2.58578,27.5352,47.4373,2.455,25.3253,45.3884,2.74585,25.9889,45.1893,4.85921,25.4508,46.1459,4.39619,25.6664,44.6519,2.64036,27.0785,47.516,4.31787,28.2906,46.861,5.02113,26.2999,44.3151,5.77628,26.7864,43.2875,2.69783,27.3139,43.643,-0.368453,28.9716,46.2993,6.06492,26.2999,44.3151,5.77628,27.9854,45.9029,0.424227,28.4296,46.6314,2.58578,27.3139,43.643,-0.368453,25.9889,45.1893,4.85921,28.2906,46.861,5.02113,26.4111,44.7389,0.449997,25.6664,44.6519,2.64036,25.9889,45.1893,4.85921,26.4111,44.7389,0.449997,25.3253,45.3884,2.74585,25.6664,44.6519,2.64036,24.4869,50.642,3.8263,25.1602,50.4058,1.81641,24.7231,49.4706,-0.279145,22.9511,48.2727,-0.154762,22.8576,49.0566,4.04485,22.2995,48.1944,2.11634,9.58444,60.4023,-0.225213,10.7072,62.2332,-4.56424,12.1963,60.4088,-3.67247,11.5229,58.5619,0.269759,12.0469,65.3538,-3.64982,14.2255,62.7073,-3.17969,9.62203,63.3128,-5.07245,8.88178e-16,47.1743,8.6359,34.6433,36.9165,3.16003,33.6263,36.8088,3.31933,33.97,37.4948,1.98067,33.0954,37.4074,2.0194,33.9123,36.699,5.19742,35.0154,36.9272,5.30519,33.7554,36.8999,5.36387,34.5916,37.4848,6.68003,33.6301,37.0041,6.52871,34.8348,37.1569,5.5104,8.28065,64.1985,-5.6216,18.5431,53.0567,-1.88333,22.2995,48.1944,2.11634,25.3253,45.3884,2.74585,20.6602,54.8275,-1.95218,29.4882,41.4038,8.25623,0.351604,32.5779,0.680307,8.88178e-16,32.6198,0.16567,8.52269,16.4491,-4.02906,11.7331,16.1904,-0.609441,4.8173,16.4112,-4.74888,0.874537,16.0543,-1.13291,3.82294,16.8849,3.66127,8.13812,16.7705,3.51496,11.7331,16.1904,-0.609441,8.14892,14.7504,3.29371,0.874537,16.0543,-1.13291,3.8593,14.8955,3.41354,7.12622,2.2792,2.44469,4.01468,3.09909,2.44702,3.96603,2.56789,3.23773,7.08532,2.78469,1.83049,2.60011,-0.303478,-1.56836,8.01617,-0.305748,-1.39611,18.379,58.0344,2.93163,16.3008,56.1371,3.09426,19.014,58.3786,0.399764,17.2288,59.0478,-2.79513,15.2477,56.8692,-3.12499,15.3046,54.832,0.661709,15.3046,54.832,0.661709,17.5228,54.8209,3.2845,16.6092,53.7197,1.02648,18.6443,53.6698,3.46261,17.837,52.6357,1.24365,19.5286,51.9469,-1.43618,17.837,52.6357,1.24365,21.601,53.5753,-1.64746,21.095,55.7932,0.821408,20.5507,55.4006,3.26141,19.4304,56.6533,3.09735,9.40233,35.9051,5.51341,3.84962,33.8564,7.05715,0.495746,31.0736,0.519836,5.80385,33.3542,-6.10377,0.495746,31.0736,0.519836,10.1741,33.9126,-4.41797,12.5432,35.7294,1.05364,12.5432,35.7294,1.05364,8.71242,9.50066,3.64848,8.86546,10.4349,-1.14724,12.1885,10.0423,-1.15448,7.53261,10.2604,1.90742,8.66528,10.4846,-5.87198,7.5329,10.5138,-4.15483,4.25469,10.4852,-4.6769,4.03328,10.3987,-6.67708,0.214338,10.0783,-1.93059,2.01381,10.2437,-1.62178,3.94473,10.0345,2.32221,3.12776,9.44517,4.25249,7.08532,2.78469,1.83049,8.14859,2.42988,-1.35199,7.06037,3.61763,1.58376,8.09609,1.6629,-1.34736,2.42662,2.49354,-1.58809,4.01468,3.09909,2.44702,3.97536,3.75934,2.02411,2.45108,1.54755,-1.58531,3.86373,1.19738,7.53088,4.5849,-0.323437,7.86335,6.98291,1.0173,7.03274,6.74911,-0.329441,7.61516,2.70186,-0.312099,6.35123,8.20538,-0.312595,5.78242,8.01617,-0.305748,-1.39611,2.60011,-0.303478,-1.56836,5.83219,-0.310516,-4.24666,3.86729,-0.308609,-4.40372,8.9276,-0.309593,4.15921,1.95158,-0.30991,5.00669,8.20538,-0.312595,5.78242,4.5849,-0.323437,7.86335,2.70186,-0.312099,6.35123,6.74911,-0.329441,7.61516,7.20882,1.68979,5.32107,8.9276,-0.309593,4.15921,3.74226,1.91029,5.96744,1.95158,-0.30991,5.00669,3.77582,28.6576,6.25299,0.782048,27.3968,0.054953,9.26254,28.3953,5.55318,12.5979,28.0816,0.754157,12.5979,28.0816,0.754157,9.86317,27.7579,-3.94538,5.30587,27.1987,-5.53105,0.782048,27.3968,0.054953,31.3619,40.973,5.09196,30.7225,41.4865,4.94975,32.5632,39.2831,5.22812,33.4354,37.8006,5.31173,31.3669,41.0083,5.02471,33.4261,37.759,5.15815,32.466,39.3067,5.1296,12.1885,10.0423,-1.15448,8.71242,9.50066,3.64848,3.12776,9.44517,4.25249,0.214338,10.0783,-1.93059,0.214338,10.0783,-1.93059,4.03328,10.3987,-6.67708,8.66528,10.4846,-5.87198,12.1885,10.0423,-1.15448,7.2027,5.48738,1.44244,3.97559,5.65069,1.82653,2.42662,2.49354,-1.58809,3.99763,1.69078,-4.4177,2.45108,1.54755,-1.58531,4.01375,2.59087,-4.41942,6.17495,2.40644,-4.18817,6.1325,1.54911,-4.19541,33.9123,36.699,5.19742,33.7554,36.8999,5.36387,8.86546,10.4349,-1.14724,7.53261,10.2604,1.90742,8.34989,5.37075,-1.36975,3.94473,10.0345,2.32221,2.01381,10.2437,-1.62178,2.3503,5.44589,-1.59676,2.01381,10.2437,-1.62178,4.06296,5.33957,-4.37717,2.3503,5.44589,-1.59676,4.25469,10.4852,-4.6769,6.71052,5.3662,-4.14966,7.5329,10.5138,-4.15483,9.58444,60.4023,-0.225213,5.36725,41.7652,8.12336,8.88178e-16,41.1786,8.94779,10.0822,42.6284,4.58004,12.228,42.9665,1.31971,12.228,42.9665,1.31971,11.5219,43.2445,-2.24939,6.0094,43.2812,-6.46421,8.88178e-16,42.7928,-8.62834,2.45108,1.54755,-1.58531,2.45108,1.54755,-1.58531,3.86729,-0.308609,-4.40372,2.60011,-0.303478,-1.56836,3.99763,1.69078,-4.4177,5.83219,-0.310516,-4.24666,6.1325,1.54911,-4.19541,8.09609,1.6629,-1.34736,-2.49495,70.7056,0.985545,-2.48037,68.8156,0.484173,-3.53757,71.5183,-1.11534,-3.72099,70.326,-3.00589,-3.87429,69.7078,-1.63343,-3.78608,72.2765,-2.97074,-3.44501,72.7753,-4.22096,-1.99435,72.9559,-4.77347,-3.87429,69.7078,-1.63343,-3.53757,71.5183,-1.11534,-3.72248,59.9925,6.86652,-3.89386,55.5198,7.13139,-8.40616,59.6579,3.76573,-9.46192,58.6409,0.215662,-8.76157,55.3996,3.74936,-9.4615,55.2555,0.691863,-6.56112,68.5444,1.0671,-8.77655,68.6262,-1.23007,-8.49706,68.0831,1.30874,-6.42862,69.2295,-1.40967,-3.56188,63.8631,5.65525,-3.13088,65.873,3.67357,-6.67439,65.8417,3.08115,-8.65653,65.2022,2.78194,-4.11983,51.681,7.51835,-8.87039,51.6976,3.94415,-9.79098,51.614,1.54561,-6.91878,63.8259,4.4656,-9.46192,58.6409,0.215662,-7.64678,54.6213,-3.24412,-9.4615,55.2555,0.691863,-7.74904,58.4071,-4.89947,-4.74736,54.3563,-5.02447,-4.83153,58.2782,-6.15959,-8.77655,68.6262,-1.23007,-6.42862,69.2295,-1.40967,-8.27546,68.0204,-3.66625,-4.38785,69.1619,-3.67433,-5.20325,61.6184,-6.86829,-5.09881,65.1603,-6.28366,-8.28065,64.1985,-5.6216,-8.13684,61.457,-5.80408,-5.41994,47.9378,-5.65242,-4.95326,51.1627,-4.97098,-10.5423,47.7943,2.08096,-9.79098,51.614,1.54561,-9.6086,47.7899,-1.73997,-8.55653,51.1782,-1.96729,-10.5423,47.7943,2.08096,-9.33122,47.9152,4.33167,-6.65225,43.0336,-5.9011,-6.0094,43.2812,-6.46421,-11.5219,43.2445,-2.24939,-11.1814,42.6641,1.07265,-12.228,42.9665,1.31971,-9.84054,42.8359,-2.42181,-11.1814,42.6641,1.07265,-9.22166,42.3974,4.14652,-10.0822,42.6284,4.58004,-12.228,42.9665,1.31971,-4.34269,41.8144,7.05443,-5.36725,41.7652,8.12336,-4.72138,47.47,7.92594,-9.58444,60.4023,-0.225213,-8.43897,62.8155,3.07019,-9.58444,60.4023,-0.225213,-5.36725,41.7652,8.12336,-10.0822,42.6284,4.58004,-12.228,42.9665,1.31971,-12.228,42.9665,1.31971,-11.5219,43.2445,-2.24939,-6.0094,43.2812,-6.46421,-9.7672,64.1251,2.42478,-9.58444,60.4023,-0.225213,-8.65653,65.2022,2.78194,-8.49706,68.0831,1.30874,-10.5391,67.1041,1.66852,-8.77655,68.6262,-1.23007,-11.3403,67.8068,-0.981748,-10.6212,66.9912,-3.85104,-8.27546,68.0204,-3.66625,-11.5934,41.7343,0.908459,-10.3869,39.9722,-3.72516,-12.248,39.4257,0.963076,-10.4759,36.6708,-4.43409,-9.84054,42.8359,-2.42181,-7.44063,41.251,-6.59402,-7.42,37.0785,-6.86191,-6.65225,43.0336,-5.9011,-4.34269,41.8144,7.05443,-4.11941,40.5757,7.08953,-3.73871,35.9181,7.18459,-9.02836,39.4132,5.29928,-8.96663,41.7232,4.57356,-12.248,39.4257,0.963076,-11.5934,41.7343,0.908459,-5.91022,34.0685,-6.13385,-11.1814,42.6641,1.07265,-9.22166,42.3974,4.14652,-11.1814,42.6641,1.07265,-0.351604,32.5779,0.680307,-3.68018,21.9514,4.93528,-0.972558,20.8983,-0.578581,-3.705,23.6915,5.25842,-1.07985,18.6008,-0.90222,-12.133,21.0879,-0.086864,-8.95505,19.0534,-3.95451,-11.9125,18.6372,-0.381566,-9.25158,21.3121,-4.01836,-8.6869,23.3781,4.82613,-8.48518,21.62,4.59673,-12.133,21.0879,-0.086864,-11.9125,18.6372,-0.381566,-0.972558,20.8983,-0.578581,-4.93584,19.0229,-4.76159,-5.03186,21.1444,-4.96125,-1.07985,18.6008,-0.90222,-3.73442,19.2236,4.09035,-8.30888,18.9479,3.92045,-12.8293,60.3173,2.48081,-11.5229,58.5619,0.269759,-10.7985,62.8002,2.30274,-14.4376,62.5236,2.34089,-11.9789,65.3868,1.94118,-14.8421,63.5249,-0.383719,-12.6469,66.1866,-0.826133,-16.4935,55.5595,-2.76321,-19.5759,56.266,-2.40705,-18.3578,57.6561,-2.57105,-17.5843,54.362,-2.54308,-20.2703,56.8861,0.619564,-16.6092,53.7197,1.02648,-32.8973,42.5015,4.97451,-33.1901,41.6895,2.49618,-33.272,41.7621,4.93357,-32.9384,42.4919,2.29306,-31.3669,41.0083,5.02471,-32.466,39.3067,5.1296,-32.3,39.3056,2.90124,-31.3938,41.0249,2.65258,-33.2411,37.6296,3.21931,-33.4261,37.759,5.15815,-34.1628,39.6306,5.09094,-34.4441,38.1089,3.01048,-34.5844,38.1908,5.25923,-33.9911,39.5529,2.7694,-33.6263,36.8088,3.31933,-33.9123,36.699,5.19742,-34.5175,37.6692,3.06563,-34.7163,37.8042,5.27329,-31.7988,41.8076,-0.059174,-31.2129,42.6394,-0.23761,-31.6874,39.473,0.820357,-30.5728,41.0848,0.138446,-32.4383,38.3116,1.40378,-33.4549,38.6715,1.08948,-32.9944,39.6801,0.63729,-33.0954,37.4074,2.0194,-33.6443,38.2389,1.41707,-30.5728,41.0848,0.138446,-29.564,41.9513,-0.403779,-32.4383,38.3116,1.40378,-31.6874,39.473,0.820357,-32.3638,42.6507,6.93386,-33.1806,41.7306,5.21197,-32.8055,41.8251,6.93318,-32.5632,39.2831,5.22812,-31.1372,40.9831,6.91641,-32.5548,39.272,6.80759,-31.3619,40.973,5.09196,-30.4213,41.6084,6.9547,-31.1372,40.9831,6.91641,-33.2828,37.9209,6.71328,-32.5548,39.272,6.80759,-34.2018,38.6295,6.84104,-33.7591,39.8402,6.9327,-33.2828,37.9209,6.71328,-33.4354,37.8006,5.31173,-34.0448,39.6586,5.30641,-34.563,38.2454,5.40496,-33.6301,37.0041,6.52871,-33.7554,36.8999,5.36387,-34.3837,38.0951,6.76588,-34.6817,37.7701,5.451,-30.5649,41.6355,2.6199,-29.564,41.9513,-0.403779,-31.0262,44.7224,5.43674,-31.1498,44.7597,2.44614,-29.2644,46.1586,2.51103,-30.2101,43.92,-0.479931,-28.9106,45.1345,-0.521815,-28.8452,42.5042,-0.690705,-29.2368,42.8273,7.81769,-30.4213,41.6084,6.9547,-29.3858,41.625,6.4535,-30.5512,44.0692,7.13899,-29.2368,42.8273,7.81769,-29.372,45.0163,7.42566,-29.6045,40.7456,8.45903,-29.0531,39.1939,9.247,-28.5585,40.4317,8.77888,-30.0012,39.3975,8.74615,-29.5865,39.2268,7.53266,-29.5689,40.5653,7.1293,-28.9948,39.0898,7.77218,-28.2774,40.2811,7.03752,-29.0531,39.1939,9.247,-28.5585,40.4317,8.77888,-30.0012,39.3975,8.74615,-27.7155,42.4076,8.10037,-28.2564,41.1398,8.53572,-29.4882,41.4038,8.25623,-27.5881,41.8983,6.49926,-27.7155,42.4076,8.10037,-28.2564,41.1398,8.53572,-26.9301,44.1192,7.1748,-26.9301,44.1192,7.1748,-26.6327,43.061,5.53984,-29.0968,41.6595,4.67547,-29.6124,41.9195,4.90225,-30.7225,41.4865,4.94975,-28.9042,42.098,2.82562,-28.8452,42.5042,-0.690705,-32.6298,40.2772,0.427801,-33.474,40.4174,6.92671,-33.9428,40.2078,5.03941,-33.7591,40.211,2.65427,-33.8331,40.225,5.32663,-29.6045,40.7456,8.45903,-32.127,41.2081,0.164937,-33.3718,41.2164,2.54907,-33.4881,41.2613,4.96767,-33.0255,41.3618,6.93105,-33.3594,41.3182,5.24337,-27.0303,46.5411,0.716906,-26.4111,44.7389,0.449997,-27.9854,45.9029,0.424227,-25.7373,45.3907,0.625783,-27.5352,47.4373,2.455,-28.4296,46.6314,2.58578,-25.3253,45.3884,2.74585,-25.4508,46.1459,4.39619,-25.9889,45.1893,4.85921,-25.6664,44.6519,2.64036,-27.0785,47.516,4.31787,-28.2906,46.861,5.02113,-26.2999,44.3151,5.77628,-26.7864,43.2875,2.69783,-27.3139,43.643,-0.368453,-28.9716,46.2993,6.06492,-26.2999,44.3151,5.77628,-27.9854,45.9029,0.424227,-28.4296,46.6314,2.58578,-27.3139,43.643,-0.368453,-25.9889,45.1893,4.85921,-28.2906,46.861,5.02113,-26.4111,44.7389,0.449997,-25.6664,44.6519,2.64036,-25.9889,45.1893,4.85921,-26.4111,44.7389,0.449997,-25.3253,45.3884,2.74585,-25.6664,44.6519,2.64036,-25.1602,50.4058,1.81641,-24.4869,50.642,3.8263,-22.9511,48.2727,-0.154762,-24.7231,49.4706,-0.279145,-22.2995,48.1944,2.11634,-22.8576,49.0566,4.04485,-9.58444,60.4023,-0.225213,-12.1963,60.4088,-3.67247,-10.7072,62.2332,-4.56424,-11.5229,58.5619,0.269759,-14.2255,62.7073,-3.17969,-12.0469,65.3538,-3.64982,-9.62203,63.3128,-5.07245,-34.6433,36.9165,3.16003,-33.97,37.4948,1.98067,-33.6263,36.8088,3.31933,-33.0954,37.4074,2.0194,-35.0154,36.9272,5.30519,-33.9123,36.699,5.19742,-34.5916,37.4848,6.68003,-33.7554,36.8999,5.36387,-33.6301,37.0041,6.52871,-34.8348,37.1569,5.5104,-8.28065,64.1985,-5.6216,-18.5431,53.0567,-1.88333,-22.2995,48.1944,2.11634,-25.3253,45.3884,2.74585,-20.6602,54.8275,-1.95218,-29.4882,41.4038,8.25623,-0.351604,32.5779,0.680307,-8.52269,16.4491,-4.02906,-11.7331,16.1904,-0.609441,-4.8173,16.4112,-4.74888,-0.874537,16.0543,-1.13291,-8.13812,16.7705,3.51496,-3.82294,16.8849,3.66127,-11.7331,16.1904,-0.609441,-8.14892,14.7504,3.29371,-0.874537,16.0543,-1.13291,-3.8593,14.8955,3.41354,-7.12622,2.2792,2.44469,-4.01468,3.09909,2.44702,-7.08532,2.78469,1.83049,-3.96603,2.56789,3.23773,-2.60011,-0.303478,-1.56836,-8.01617,-0.305748,-1.39611,-18.379,58.0344,2.93163,-16.3008,56.1371,3.09426,-19.014,58.3786,0.399764,-17.2288,59.0478,-2.79513,-15.2477,56.8692,-3.12499,-15.3046,54.832,0.661709,-15.3046,54.832,0.661709,-18.6443,53.6698,3.46261,-16.6092,53.7197,1.02648,-17.5228,54.8209,3.2845,-17.837,52.6357,1.24365,-17.837,52.6357,1.24365,-19.5286,51.9469,-1.43618,-21.601,53.5753,-1.64746,-21.095,55.7932,0.821408,-20.5507,55.4006,3.26141,-19.4304,56.6533,3.09735,-9.40233,35.9051,5.51341,-3.84962,33.8564,7.05715,-0.495746,31.0736,0.519836,-5.80385,33.3542,-6.10377,-0.495746,31.0736,0.519836,-10.1741,33.9126,-4.41797,-12.5432,35.7294,1.05364,-12.5432,35.7294,1.05364,-8.71242,9.50066,3.64848,-8.86546,10.4349,-1.14724,-7.53261,10.2604,1.90742,-12.1885,10.0423,-1.15448,-8.66528,10.4846,-5.87198,-7.5329,10.5138,-4.15483,-4.03328,10.3987,-6.67708,-4.25469,10.4852,-4.6769,-0.214338,10.0783,-1.93059,-2.01381,10.2437,-1.62178,-3.94473,10.0345,2.32221,-3.12776,9.44517,4.25249,-8.14859,2.42988,-1.35199,-7.08532,2.78469,1.83049,-7.06037,3.61763,1.58376,-8.09609,1.6629,-1.34736,-4.01468,3.09909,2.44702,-2.42662,2.49354,-1.58809,-3.97536,3.75934,2.02411,-2.45108,1.54755,-1.58531,-3.86373,1.19738,7.53088,-6.98291,1.0173,7.03274,-4.5849,-0.323437,7.86335,-6.74911,-0.329441,7.61516,-2.70186,-0.312099,6.35123,-8.20538,-0.312595,5.78242,-2.60011,-0.303478,-1.56836,-8.01617,-0.305748,-1.39611,-5.83219,-0.310516,-4.24666,-3.86729,-0.308609,-4.40372,-8.9276,-0.309593,4.15921,-1.95158,-0.30991,5.00669,-8.20538,-0.312595,5.78242,-2.70186,-0.312099,6.35123,-4.5849,-0.323437,7.86335,-6.74911,-0.329441,7.61516,-7.20882,1.68979,5.32107,-8.9276,-0.309593,4.15921,-3.74226,1.91029,5.96744,-1.95158,-0.30991,5.00669,-3.77582,28.6576,6.25299,-0.782048,27.3968,0.054953,-9.26254,28.3953,5.55318,-12.5979,28.0816,0.754157,-12.5979,28.0816,0.754157,-9.86317,27.7579,-3.94538,-5.30587,27.1987,-5.53105,-0.782048,27.3968,0.054953,-31.3619,40.973,5.09196,-30.7225,41.4865,4.94975,-32.5632,39.2831,5.22812,-33.4354,37.8006,5.31173,-31.3669,41.0083,5.02471,-33.4261,37.759,5.15815,-32.466,39.3067,5.1296,-12.1885,10.0423,-1.15448,-8.71242,9.50066,3.64848,-3.12776,9.44517,4.25249,-0.214338,10.0783,-1.93059,-0.214338,10.0783,-1.93059,-4.03328,10.3987,-6.67708,-8.66528,10.4846,-5.87198,-12.1885,10.0423,-1.15448,-7.2027,5.48738,1.44244,-3.97559,5.6